-2.2223396 -0.12548399
0.63842297 1.0242672
-0.6231147 -0.94164824
-1.3244299 0.6583586
-2.4849935 0.6583586
-2.4849935 1.087182
-1.4227271 -0.6991496
0.63842297 -0.5740113
-0.26265383 -1.0537368
-0.4428842 -1.8790618
-0.5329995 -2.4007018
-0.33044767 -2.278329
0.032803535 -2.4007018
1.5711722 0.671149
0.9199295 1.8947906
1.5711722 1.6441684
1.6563859 2.4523816
1.8053966 2.048275
2.2470741 2.2503285
2.1618605 1.9539027
2.463049 1.9539027
194 141 67
167 82 82
119 77 55
220 177 66
126 91 79
162 82 41
118 74 53
242 219 94
207 190 119
212 163 59
144 112 33
186 150 108
229 165 131
239 199 188
255 139 117
213 72 62
237 111 102
218 152 25
239 219 174
2 0 1 0
0 3 1 1
0 4 3 2
3 4 5 3
2 6 0 4
7 2 1 5
8 2 7 6
9 2 8 7
9 10 2 8
11 10 9 9
12 10 11 10
7 1 13 11
13 1 14 12
13 14 15 13
15 14 16 14
15 16 17 15
17 16 18 16
19 17 18 17
20 19 18 18